104 111 108 97
32 101 115 116
117 100 105 97
110 116 101 44
32 115 105 32
117 115 116 101
100 32 108 108
101 103 111 32
97 32 101 115
116 101 32 112
117 110 116 111
10 32 115 105
103 110 105 102
105 99 97 32
113 117 101 32
121 97 32 101
115 116 97 32
112 114 101 112
97 114 97 100
120 32 112 97
114 97 32 105
110 105 99 105
97 114 115 101
32 101 110 32
108 97 32 109
97 116 101 114
105 97 32 100
101 32 112 117
110 116 101 114
111 115 44 32
108 101 32 100
101 115 101 111
32 109 117 99
104 97 32 115
117 101 114 116
101 32 101 110
32 101 115 116
97 32 116 114
97 118 101 115
105 97 33 33

